28
29
5555555555555555555555555555
5444444444444554444444444445
5455554555554554555554555545
5655554555554554555554555565
5455554555554554555554555545
5444444444444444444444444445
5455554554555555554554555545
5455554554555555554554555545
5444444554444554444554444445
5555554555555555555554555555
5555554555555555555554555555
5555554555555555555554555555
5555554555555555555554555555
5555554555555555555554555555
5555554555555555555554555555
5555554555555555555554555555
5555554555555555555554555555
5555554555555555555554555555
5555554555555555555554555555
5555554555555555555554555555
5444444554444554444554444445
5455554554555555554554555545
5455554554555555554554555545
5444444444444444444444444445
5455554555554554555554555545
5655554555554554555554555565
5455554555554554555554555545
5444444444444554444444444445
5555555555555555555555555555